{
    "bottle": [
        [
            [
                -1.0,
                0.0,
                0.0
            ],
            [
                0.0,
                -1.0,
                0.0
            ],
            [
                0.0,
                0.0,
                1.0
            ]
        ],
        [
            [
                0.6119281649589539,
                0.7225328087806702,
                -0.3216990530490875
            ],
            [
                -0.20789799094200134,
                -0.2454967498779297,
                -0.9468418955802917
            ],
            [
                -0.7631004452705383,
                0.6462798118591309,
                -1.3232231140136719e-05
            ]
        ],
        [
            [
                -0.17985212802886963,
                0.4345954954624176,
                0.8824852705001831
            ],
            [
                -0.3373011350631714,
                0.8154802322387695,
                -0.4703403115272522
            ],
            [
                -0.9240570068359375,
                -0.382254958152771,
                -7.641315460205078e-05
            ]
        ],
        [
            [
                0.2933253049850464,
                -0.12116566300392151,
                -0.9483032822608948
            ],
            [
                0.8764784336090088,
                -0.3620285987854004,
                0.31736549735069275
            ],
            [
                -0.3817666172981262,
                -0.9242587089538574,
                6.973743438720703e-06
            ]
        ],
        [
            [
                -0.5957808494567871,
                0.5097399353981018,
                -0.6206531524658203
            ],
            [
                -0.47154557704925537,
                0.4035531282424927,
                0.7840852737426758
            ],
            [
                0.6501461267471313,
                0.7598092555999756,
                -6.365776062011719e-05
            ]
        ],
        [
            [
                0.016597449779510498,
                -0.10063735395669937,
                -0.9947847723960876
            ],
            [
                0.1571846902370453,
                -0.982288122177124,
                0.10199566930532455
            ],
            [
                -0.9874297976493835,
                -0.1580577790737152,
                -0.00048482418060302734
            ]
        ],
        [
            [
                -0.6446502208709717,
                0.05126315355300903,
                -0.7627570033073425
            ],
            [
                -0.7603516578674316,
                0.060527801513671875,
                0.6466852426528931
            ],
            [
                0.07931917905807495,
                0.9968492984771729,
                -4.124641418457031e-05
            ]
        ],
        [
            [
                0.6158101558685303,
                -0.7203613519668579,
                -0.3191509246826172
            ],
            [
                0.20737719535827637,
                -0.24259424209594727,
                0.9477038979530334
            ],
            [
                -0.7601134777069092,
                -0.649790346622467,
                -5.4836273193359375e-06
            ]
        ],
        [
            [
                -8.118152618408203e-05,
                0.9567995071411133,
                -0.2907487750053406
            ],
            [
                0.00038960581878200173,
                -0.2907487154006958,
                -0.9567993879318237
            ],
            [
                -1.0,
                -0.00019094350864179432,
                -0.00034928321838378906
            ]
        ],
        [
            [
                0.17920130491256714,
                0.43389105796813965,
                -0.882964015007019
            ],
            [
                -0.33704477548599243,
                -0.8161042928695679,
                -0.4694406986236572
            ],
            [
                -0.9242768287658691,
                0.3817228078842163,
                -6.198883056640625e-06
            ]
        ],
        [
            [
                -0.5886766910552979,
                0.24342606961727142,
                -0.7708460092544556
            ],
            [
                0.7118698358535767,
                -0.295711874961853,
                -0.637021005153656
            ],
            [
                -0.38301587104797363,
                -0.9237414002418518,
                0.0007909536361694336
            ]
        ],
        [
            [
                -0.15339410305023193,
                -0.24951717257499695,
                0.9561440348625183
            ],
            [
                -0.5005252361297607,
                -0.814669132232666,
                -0.2928968667984009
            ],
            [
                0.8520238995552063,
                -0.5235028862953186,
                7.581710815429688e-05
            ]
        ],
        [
            [
                0.22553902864456177,
                0.9742341041564941,
                -2.2613305191043764e-05
            ],
            [
                -0.9742341041564941,
                0.22553902864456177,
                -0.00016567474813200533
            ],
            [
                -0.00015630581765435636,
                5.939677430433221e-05,
                1.0
            ]
        ],
        [
            [
                -0.2733842134475708,
                0.06610509753227234,
                0.9596307277679443
            ],
            [
                0.9327445030212402,
                -0.2255631685256958,
                0.28126296401023865
            ],
            [
                0.23505032062530518,
                0.9719831943511963,
                6.318092346191406e-06
            ]
        ],
        [
            [
                -0.4205021858215332,
                0.2573280334472656,
                0.8700345754623413
            ],
            [
                -0.7421017289161682,
                0.4541422128677368,
                -0.4929907023906708
            ],
            [
                -0.5219796895980835,
                -0.8529578447341919,
                -4.172325134277344e-06
            ]
        ],
        [
            [
                0.20322108268737793,
                0.8406870365142822,
                0.5019426941871643
            ],
            [
                -0.11793887615203857,
                -0.48789024353027344,
                0.8649008870124817
            ],
            [
                0.9720038771629333,
                -0.23496466875076294,
                1.1920928955078125e-07
            ]
        ],
        [
            [
                -0.9484238624572754,
                0.23007160425186157,
                0.2180812507867813
            ],
            [
                -0.21191933751106262,
                0.051474571228027344,
                -0.9759306311607361
            ],
            [
                -0.23575957119464874,
                -0.9718114733695984,
                -6.318092346191406e-05
            ]
        ],
        [
            [
                -0.049118638038635254,
                0.6345613598823547,
                -0.7713099718093872
            ],
            [
                -0.05964570492506027,
                0.7690004110336304,
                0.6364595293998718
            ],
            [
                0.997010350227356,
                0.07726740092039108,
                7.653236389160156e-05
            ]
        ],
        [
            [
                0.22934961318969727,
                0.05563634634017944,
                -0.9717527627944946
            ],
            [
                0.9444349408149719,
                0.22879242897033691,
                0.23600134253501892
            ],
            [
                0.23545995354652405,
                -0.97188401222229,
                -7.140636444091797e-05
            ]
        ],
        [
            [
                0.07041841745376587,
                0.2898293435573578,
                -0.954484224319458
            ],
            [
                0.2251167744398117,
                0.9275573492050171,
                0.29826128482818604
            ],
            [
                0.9717837572097778,
                -0.2358735203742981,
                7.170438766479492e-05
            ]
        ],
        [
            [
                0.820968747138977,
                -0.5293648838996887,
                0.2139700949192047
            ],
            [
                -0.1798715740442276,
                0.11588537693023682,
                0.9768402576446533
            ],
            [
                -0.5419008731842041,
                -0.840442419052124,
                -7.939338684082031e-05
            ]
        ],
        [
            [
                0.14481383562088013,
                -0.08874249458312988,
                0.9854713678359985
            ],
            [
                -0.8400270938873291,
                0.5152748823165894,
                0.1698419749736786
            ],
            [
                -0.5228608846664429,
                -0.852418065071106,
                7.283687591552734e-05
            ]
        ],
        [
            [
                0.20374125242233276,
                0.06617048382759094,
                -0.9767860174179077
            ],
            [
                0.9280118942260742,
                0.30480384826660156,
                0.21421608328819275
            ],
            [
                0.3119029700756073,
                -0.9501136541366577,
                0.0006941556930541992
            ]
        ],
        [
            [
                0.012191712856292725,
                -0.019794613122940063,
                0.9997297525405884
            ],
            [
                0.5223641395568848,
                -0.8524056673049927,
                -0.023247867822647095
            ],
            [
                0.852635383605957,
                0.5225064754486084,
                -5.245208740234375e-05
            ]
        ],
        [
            [
                -0.9172265529632568,
                0.3790898025035858,
                -0.12241850793361664
            ],
            [
                -0.1131540834903717,
                0.04671669006347656,
                0.9924785494804382
            ],
            [
                0.381957471370697,
                0.9241798520088196,
                4.57763671875e-05
            ]
        ],
        [
            [
                -0.7295713424682617,
                -0.6226922273635864,
                0.2828080356121063
            ],
            [
                0.21516050398349762,
                0.1835383176803589,
                0.9591765403747559
            ],
            [
                -0.6491779088973999,
                0.7606366872787476,
                7.43865966796875e-05
            ]
        ],
        [
            [
                -0.060114264488220215,
                0.052653104066848755,
                -0.9968019127845764
            ],
            [
                0.7564464807510376,
                -0.6491559743881226,
                -0.07990884780883789
            ],
            [
                -0.6512872576713562,
                -0.7588309645652771,
                -0.0008058547973632812
            ]
        ],
        [
            [
                0.6424344182014465,
                -0.7493115663528442,
                -0.16065576672554016
            ],
            [
                -0.10451403260231018,
                0.12201261520385742,
                -0.9870105385780334
            ],
            [
                0.7591804265975952,
                0.6508802771568298,
                7.152557373046875e-05
            ]
        ],
        [
            [
                0.9283750057220459,
                -0.07177630066871643,
                0.36464783549308777
            ],
            [
                0.36354032158851624,
                -0.02839970588684082,
                -0.931145429611206
            ],
            [
                0.07719007134437561,
                0.9970163106918335,
                -0.0002720355987548828
            ]
        ],
        [
            [
                -0.5001838207244873,
                -0.5845687985420227,
                -0.6388235688209534
            ],
            [
                -0.41531407833099365,
                -0.4853966236114502,
                0.7693532705307007
            ],
            [
                -0.75982266664505,
                0.6501303911209106,
                7.748603820800781e-06
            ]
        ],
        [
            [
                -0.07586276531219482,
                -0.3127286732196808,
                0.9468081593513489
            ],
            [
                0.22342684864997864,
                0.9200685024261475,
                0.3217986524105072
            ],
            [
                -0.9717640280723572,
                0.23595485091209412,
                7.30752944946289e-05
            ]
        ],
        [
            [
                -0.9119781255722046,
                0.2210264354944229,
                0.3456059992313385
            ],
            [
                0.3358997702598572,
                -0.08133196830749512,
                0.9383797645568848
            ],
            [
                0.2355155050754547,
                0.9718706607818604,
                -6.99758529663086e-05
            ]
        ],
        [
            [
                -0.028588175773620605,
                0.01737317442893982,
                -0.9994403123855591
            ],
            [
                0.8529410362243652,
                -0.5209342241287231,
                -0.03345304727554321
            ],
            [
                -0.521223783493042,
                -0.8534200191497803,
                7.426738739013672e-05
            ]
        ],
        [
            [
                -0.9719996452331543,
                0.23481576144695282,
                0.008849292993545532
            ],
            [
                -0.008602097630500793,
                0.002077043056488037,
                -0.9999608397483826
            ],
            [
                -0.23482495546340942,
                -0.9720376133918762,
                1.0728836059570312e-06
            ]
        ],
        [
            [
                -0.29531383514404297,
                -0.1809024214744568,
                0.938117265701294
            ],
            [
                0.7998625636100769,
                0.4901875853538513,
                0.34631773829460144
            ],
            [
                -0.522503137588501,
                0.8526372909545898,
                -6.210803985595703e-05
            ]
        ],
        [
            [
                -0.025331497192382812,
                -0.32267463207244873,
                0.9461709260940552
            ],
            [
                -0.07425419986248016,
                -0.9432528018951416,
                -0.32366740703582764
            ],
            [
                0.9969176054000854,
                -0.07845614105463028,
                -6.592273712158203e-05
            ]
        ],
        [
            [
                -0.42398011684417725,
                0.4952584505081177,
                -0.7582611441612244
            ],
            [
                -0.4931102395057678,
                0.5760228037834167,
                0.6519509553909302
            ],
            [
                0.7596599459648132,
                0.6503205299377441,
                -5.245208740234375e-06
            ]
        ],
        [
            [
                0.316403329372406,
                -0.13093578815460205,
                0.9395449757575989
            ],
            [
                0.8681533336639404,
                -0.3592417240142822,
                -0.34242552518844604
            ],
            [
                0.38235944509506226,
                0.9240136742591858,
                7.033348083496094e-06
            ]
        ],
        [
            [
                0.5286188125610352,
                0.451127827167511,
                0.7190590500831604
            ],
            [
                0.5469279289245605,
                0.46681445837020874,
                -0.6949490308761597
            ],
            [
                -0.6491779685020447,
                0.760636568069458,
                3.248453140258789e-05
            ]
        ],
        [
            [
                0.25909513235092163,
                -0.6289173364639282,
                0.7330297827720642
            ],
            [
                0.279112845659256,
                -0.6778116226196289,
                -0.6801965236663818
            ],
            [
                0.9246435761451721,
                0.38083362579345703,
                -7.87973403930664e-05
            ]
        ],
        [
            [
                -0.6415706872940063,
                0.2651202380657196,
                0.7197906374931335
            ],
            [
                0.665230393409729,
                -0.27489471435546875,
                0.6941912770271301
            ],
            [
                0.3819107413291931,
                0.9241993427276611,
                -1.7881393432617188e-06
            ]
        ],
        [
            [
                0.5578915476799011,
                0.043596476316452026,
                -0.8287680149078369
            ],
            [
                -0.8262518644332886,
                -0.0645303726196289,
                -0.5595923662185669
            ],
            [
                -0.07787695527076721,
                0.9969630241394043,
                2.0742416381835938e-05
            ]
        ],
        [
            [
                0.9830368161201477,
                0.18340839445590973,
                9.336776565760374e-05
            ],
            [
                -0.18340836465358734,
                0.9830368161201477,
                -0.0001521544618299231
            ],
            [
                -0.00011969036131631583,
                0.00013244901492726058,
                1.0
            ]
        ],
        [
            [
                0.9666303992271423,
                -0.07587860524654388,
                -0.2446795105934143
            ],
            [
                -0.24392957985401154,
                0.01914215087890625,
                -0.9696040153503418
            ],
            [
                0.07825589179992676,
                0.9969333410263062,
                -5.602836608886719e-06
            ]
        ],
        [
            [
                0.13161540031433105,
                -0.31931039690971375,
                0.9384658932685852
            ],
            [
                0.3574284613132477,
                -0.867734432220459,
                -0.34537187218666077
            ],
            [
                0.9246200919151306,
                0.38089069724082947,
                -7.665157318115234e-05
            ]
        ],
        [
            [
                -0.7663638591766357,
                -0.18602311611175537,
                0.6148838400840759
            ],
            [
                0.5975545644760132,
                0.14495056867599487,
                0.7886177897453308
            ],
            [
                -0.2358289361000061,
                0.9717946648597717,
                7.402896881103516e-05
            ]
        ],
        [
            [
                0.2887195944786072,
                -0.11953812837600708,
                -0.9499219059944153
            ],
            [
                0.8776630163192749,
                -0.3633995056152344,
                0.3124874234199524
            ],
            [
                -0.3825553059577942,
                -0.9239326119422913,
                -6.318092346191406e-06
            ]
        ],
        [
            [
                -0.293867826461792,
                0.17943832278251648,
                -0.9388523101806641
            ],
            [
                -0.8011714220046997,
                0.4894568920135498,
                0.344320148229599
            ],
            [
                0.5213119983673096,
                0.8533661365509033,
                -7.474422454833984e-05
            ]
        ],
        [
            [
                -0.12191140651702881,
                0.37630558013916016,
                -0.9184398651123047
            ],
            [
                0.28398585319519043,
                -0.8734323978424072,
                -0.39556053280830383
            ],
            [
                -0.9510467052459717,
                -0.30904725193977356,
                -0.00038421154022216797
            ]
        ],
        [
            [
                0.8194431066513062,
                0.500379741191864,
                -0.27952301502227783
            ],
            [
                -0.23859357833862305,
                -0.1456235647201538,
                -0.9601390361785889
            ],
            [
                -0.5211392045021057,
                0.8534717559814453,
                5.716085433959961e-05
            ]
        ]
    ],
    "controller": [
        [
            [
                -1.0,
                0.0,
                0.0
            ],
            [
                0.0,
                -1.0,
                0.0
            ],
            [
                0.0,
                0.0,
                1.0
            ]
        ],
        [
            [
                -0.9366919994354248,
                -0.350154310464859,
                -0.0001268197811441496
            ],
            [
                0.3501540720462799,
                -0.9366916418075562,
                0.0008558206609450281
            ],
            [
                -0.00041846034582704306,
                0.000757233879994601,
                0.9999996423721313
            ]
        ],
        [
            [
                -0.32991790771484375,
                0.9440093636512756,
                -0.0006988259265199304
            ],
            [
                -0.9440096020698547,
                -0.3299177885055542,
                0.0002488288446329534
            ],
            [
                4.341709427535534e-06,
                0.0007417915039695799,
                0.9999997019767761
            ]
        ],
        [
            [
                0.04127168655395508,
                -0.9991470575332642,
                0.0013737429399043322
            ],
            [
                0.9991476535797119,
                0.04127269983291626,
                0.0007254188531078398
            ],
            [
                -0.0007814981509000063,
                0.001342632807791233,
                0.9999988079071045
            ]
        ],
        [
            [
                0.9838979244232178,
                0.1681908667087555,
                -0.06047096103429794
            ],
            [
                0.17873138189315796,
                -0.9258303642272949,
                0.33300650119781494
            ],
            [
                2.2804364562034607e-05,
                -0.33845245838165283,
                -0.9409835338592529
            ]
        ],
        [
            [
                0.9186020493507385,
                0.39518362283706665,
                -0.0003583223151508719
            ],
            [
                -0.395183801651001,
                0.9186017513275146,
                -0.0007485201931558549
            ],
            [
                3.335250585223548e-05,
                0.0008291954291053116,
                0.9999996423721313
            ]
        ],
        [
            [
                -0.9803898334503174,
                0.19706803560256958,
                -0.00013325680629350245
            ],
            [
                -0.19706806540489197,
                -0.9803894758224487,
                0.0008101009880192578
            ],
            [
                2.900145045714453e-05,
                0.0008204754558391869,
                0.9999996423721313
            ]
        ],
        [
            [
                -0.9970517158508301,
                0.04998216778039932,
                0.05822098255157471
            ],
            [
                0.07669087499380112,
                0.6741407513618469,
                0.7346106171607971
            ],
            [
                -0.0025317054241895676,
                0.736909806728363,
                -0.6759862899780273
            ]
        ],
        [
            [
                0.09165620803833008,
                0.9957904815673828,
                -0.0008291426347568631
            ],
            [
                -0.9957908391952515,
                0.09165620803833008,
                -2.2478810933534987e-05
            ],
            [
                5.361196963349357e-05,
                0.0008277128217741847,
                0.9999996423721313
            ]
        ],
        [
            [
                0.4879792332649231,
                0.8728549480438232,
                -0.0006765025900676847
            ],
            [
                -0.8728551864624023,
                0.48797905445098877,
                -0.00038068878347985446
            ],
            [
                -2.167013008147478e-06,
                0.0007762570166960359,
                0.9999997019767761
            ]
        ],
        [
            [
                0.5893042683601379,
                -0.8079109787940979,
                0.0006266058189794421
            ],
            [
                0.807911217212677,
                0.5893040895462036,
                -0.00045462779235094786
            ],
            [
                -1.9625877030193806e-06,
                0.0007741559529677033,
                0.9999997019767761
            ]
        ],
        [
            [
                -0.8796911239624023,
                -0.47552478313446045,
                -0.0044487169943749905
            ],
            [
                0.4755288362503052,
                -0.8797000646591187,
                0.00016209669411182404
            ],
            [
                -0.003990618046373129,
                -0.0019728983752429485,
                0.9999901056289673
            ]
        ],
        [
            [
                -0.9949864149093628,
                0.10001084953546524,
                -8.10083729447797e-05
            ],
            [
                -0.10001087933778763,
                -0.9949860572814941,
                0.0007797801517881453
            ],
            [
                -2.6157322281505913e-06,
                0.0007839722675271332,
                0.9999997019767761
            ]
        ],
        [
            [
                0.9612508416175842,
                0.2756751477718353,
                -0.00021030631614848971
            ],
            [
                -0.2756752073764801,
                0.9612505435943604,
                -0.0007246218156069517
            ],
            [
                2.3968461846379796e-06,
                0.000754519656766206,
                0.9999997019767761
            ]
        ],
        [
            [
                0.9724767208099365,
                -0.23300009965896606,
                0.0001625038421479985
            ],
            [
                0.23300015926361084,
                0.9724763631820679,
                -0.0007725181058049202
            ],
            [
                2.1965655832900666e-05,
                0.0007891192799434066,
                0.9999997019767761
            ]
        ],
        [
            [
                -0.761318564414978,
                -0.6483778357505798,
                0.0005025143618695438
            ],
            [
                0.6483780741691589,
                -0.7613183259963989,
                0.0005935032968409359
            ],
            [
                -2.240994945168495e-06,
                0.0007776643033139408,
                0.9999997019767761
            ]
        ],
        [
            [
                0.15850937366485596,
                -0.929093599319458,
                0.3341555595397949
            ],
            [
                -0.9873569011688232,
                -0.1495378017425537,
                0.05258277803659439
            ],
            [
                0.0011145473690703511,
                -0.33826562762260437,
                -0.9410501718521118
            ]
        ],
        [
            [
                -0.10741770267486572,
                0.9942136406898499,
                -0.0008188666542991996
            ],
            [
                -0.9942139983177185,
                -0.10741758346557617,
                0.00012928465730510652
            ],
            [
                4.0575891034677625e-05,
                0.0008280162001028657,
                0.9999996423721313
            ]
        ],
        [
            [
                -0.7986905574798584,
                0.6017417907714844,
                -0.00046179702621884644
            ],
            [
                -0.6017419099807739,
                -0.7986903190612793,
                0.0006186150130815804
            ],
            [
                3.4136755857616663e-06,
                0.000771964609157294,
                0.9999997019767761
            ]
        ],
        [
            [
                -0.1474069356918335,
                0.9890756011009216,
                -0.0007679588161408901
            ],
            [
                -0.9890759587287903,
                -0.1474069356918335,
                0.00011495532817207277
            ],
            [
                4.970643203705549e-07,
                0.0007765147602185607,
                0.9999997019767761
            ]
        ],
        [
            [
                0.9787826538085938,
                0.1931883543729782,
                -0.06828473508358002
            ],
            [
                0.20489828288555145,
                -0.9210096597671509,
                0.33129701018333435
            ],
            [
                0.0011118203401565552,
                -0.33825919032096863,
                -0.9410523176193237
            ]
        ],
        [
            [
                -0.9995803833007812,
                -0.021360566839575768,
                -0.01956961303949356
            ],
            [
                -0.02886023558676243,
                0.6755786538124084,
                0.7367228865623474
            ],
            [
                -0.0025160061195492744,
                0.7369784712791443,
                -0.6759116649627686
            ]
        ],
        [
            [
                -0.08122038841247559,
                0.9966959357261658,
                -0.0007980359951034188
            ],
            [
                -0.9966962933540344,
                -0.08122038841247559,
                6.805413431720808e-05
            ],
            [
                3.0125379453238565e-06,
                0.0008009268203750253,
                0.9999997019767761
            ]
        ],
        [
            [
                -0.8169379234313965,
                -0.3913310468196869,
                -0.42364194989204407
            ],
            [
                -0.5767201781272888,
                0.5511226058006287,
                0.6030403971672058
            ],
            [
                -0.002509772777557373,
                0.7369694113731384,
                -0.6759214401245117
            ]
        ],
        [
            [
                -0.5521354675292969,
                0.7843988537788391,
                -0.28260403871536255
            ],
            [
                0.833753764629364,
                0.5199031829833984,
                -0.1858908236026764
            ],
            [
                0.001114189624786377,
                -0.3382590711116791,
                -0.9410524368286133
            ]
        ],
        [
            [
                0.8772146105766296,
                -0.4800983667373657,
                0.00036863761488348246
            ],
            [
                0.4800984859466553,
                0.8772143125534058,
                -0.0007438581669703126
            ],
            [
                3.375089727342129e-05,
                0.0008295056177303195,
                0.9999996423721313
            ]
        ],
        [
            [
                0.09401339292526245,
                -0.9955596923828125,
                0.004741183947771788
            ],
            [
                0.9955708980560303,
                0.09401124715805054,
                -0.0006759015377610922
            ],
            [
                0.00022717565298080444,
                0.004783728159964085,
                0.9999885559082031
            ]
        ],
        [
            [
                -0.531814694404602,
                -0.7971574068069458,
                0.28585579991340637
            ],
            [
                -0.8468600511550903,
                0.5000982284545898,
                -0.1809142678976059
            ],
            [
                0.0012611449928954244,
                -0.33829265832901,
                -0.9410402774810791
            ]
        ],
        [
            [
                -0.6505987644195557,
                -0.7594213485717773,
                0.0005916993832215667
            ],
            [
                0.7594215869903564,
                -0.6505985260009766,
                0.0005054238718003035
            ],
            [
                1.1291413102298975e-06,
                0.000778177403844893,
                0.9999997019767761
            ]
        ],
        [
            [
                0.2037895917892456,
                0.97901451587677,
                -0.0007589425658807158
            ],
            [
                -0.9790147542953491,
                0.20378953218460083,
                -0.00014658710279036313
            ],
            [
                1.115372378990287e-05,
                0.000772888888604939,
                0.9999997019767761
            ]
        ],
        [
            [
                -0.005322694778442383,
                -0.9999856352806091,
                0.0007616948569193482
            ],
            [
                0.9999858736991882,
                -0.005322694778442383,
                -1.794251431874727e-07
            ],
            [
                4.2336473597970325e-06,
                0.0007616830989718437,
                0.9999997019767761
            ]
        ],
        [
            [
                -0.1205606460571289,
                0.9927056431770325,
                -0.0007377713918685913
            ],
            [
                -0.9927058815956116,
                -0.12056076526641846,
                -0.00014730662223882973
            ],
            [
                -0.00023517839144915342,
                0.0007146307034417987,
                0.9999997019767761
            ]
        ],
        [
            [
                0.22138148546218872,
                0.9751873016357422,
                -0.00013813935220241547
            ],
            [
                -0.9751845598220825,
                0.22138053178787231,
                -0.002389495028182864
            ],
            [
                -0.0022996237967163324,
                0.0006637013866566122,
                0.9999971389770508
            ]
        ],
        [
            [
                -0.817786455154419,
                -0.5427016019821167,
                0.19157403707504272
            ],
            [
                -0.5755118131637573,
                0.7691485285758972,
                -0.2778431177139282
            ],
            [
                0.0034369979985058308,
                -0.3374693989753723,
                -0.9413304328918457
            ]
        ],
        [
            [
                0.9325752854347229,
                0.3609754145145416,
                -0.00027614174177870154
            ],
            [
                -0.3609755337238312,
                0.932574987411499,
                -0.0007192663033492863
            ],
            [
                -2.1145824575796723e-06,
                0.0007704503950662911,
                0.9999997019767761
            ]
        ],
        [
            [
                -0.9727332592010498,
                0.2318708747625351,
                0.005128093995153904
            ],
            [
                -0.2318727821111679,
                -0.9727462530136108,
                0.00022764684399589896
            ],
            [
                0.005041117779910564,
                -0.0009676257614046335,
                0.9999868273735046
            ]
        ],
        [
            [
                -0.5988260507583618,
                -0.8008791208267212,
                0.000622463645413518
            ],
            [
                0.8008793592453003,
                -0.5988259315490723,
                0.0004680506535805762
            ],
            [
                -2.10467283068283e-06,
                0.0007787990616634488,
                0.9999997019767761
            ]
        ],
        [
            [
                -0.9986938238143921,
                -0.05109376460313797,
                7.646999438293278e-05
            ],
            [
                0.05109380930662155,
                -0.9986934661865234,
                0.0008234595297835767
            ],
            [
                3.429644129937515e-05,
                0.0008262910996563733,
                0.9999996423721313
            ]
        ],
        [
            [
                -0.8043724298477173,
                -0.5594289898872375,
                0.20006133615970612
            ],
            [
                -0.5941244959831238,
                0.7567203640937805,
                -0.27274614572525024
            ],
            [
                0.0011916012736037374,
                -0.3382507562637329,
                -0.941055417060852
            ]
        ],
        [
            [
                -0.8467668294906616,
                -0.5008984208106995,
                0.17912763357162476
            ],
            [
                -0.5319631695747375,
                0.7966538071632385,
                -0.28698068857192993
            ],
            [
                0.0010454654693603516,
                -0.338295042514801,
                -0.9410394430160522
            ]
        ],
        [
            [
                0.5445607304573059,
                -0.7890748381614685,
                0.28427907824516296
            ],
            [
                -0.8387207388877869,
                -0.5127769708633423,
                0.183323934674263
            ],
            [
                0.0011154265375807881,
                -0.33826175332069397,
                -0.9410514831542969
            ]
        ],
        [
            [
                -0.10121631622314453,
                -0.9948641657829285,
                0.0008361119544133544
            ],
            [
                0.9948645234107971,
